# COLLAPSE_WIDTH
# Pixel Type Legend -1:background 0:surface 1:volume_data 2:surface_data 3:particle_data 4:iso_data 99:Mixed
# 1:j-pixel  2:type      3:x-avg      4:y-avg      5:z-avg    6:average        7:min        8:max
        144       1   0.00142971     0.991951   -0.0283342     0.931378     0.921471     0.942379
        145       1  -0.00376375     0.981564   -0.0283342     0.861315     0.844809     0.872686
        146       1   0.00142971     0.971178   -0.0283342     0.810152     0.792539     0.823901
        147       1  -0.00895721     0.960791   -0.0283342     0.777777     0.761177     0.796024
        148       1   0.00142971     0.950404   -0.0283342     0.754191     0.736785     0.771631
        149       1  -0.00895721     0.940017   -0.0283342     0.736428     0.719362     0.754208
        150       1  -0.00895721      0.92963   -0.0283342     0.728502     0.712392     0.747239
        151       1   0.00142971     0.919243   -0.0283342     0.718434     0.705423     0.736785
        152       1  -0.00895721     0.908856   -0.0283342     0.712335     0.701938     0.729816
        153       1  -0.00895721     0.898469   -0.0283342     0.706581     0.694969     0.722846
        154       1   0.00142971     0.888082   -0.0283342     0.701339        0.688     0.715877
        155       1  -0.00376375     0.877695   -0.0283342     0.695736     0.681031     0.708908
        156       1  -0.00895721     0.867308   -0.0283342     0.690223     0.674061     0.701938
        157       1  -0.00895721     0.856921   -0.0283342     0.685621     0.670577     0.698454
        158       1  -0.00376375     0.846534   -0.0283342     0.679767     0.667092     0.691485
        159       1   0.00142971     0.836148   -0.0283342     0.676331     0.663607        0.688
        160       1   0.00142971     0.825761   -0.0283342     0.670963     0.656638     0.684515
        161       1  -0.00895721     0.815374   -0.0283342     0.668198     0.653153     0.677546
        162       1  -0.00895721     0.804987   -0.0283342     0.666021     0.649669     0.677546
        163       1  -0.00895721       0.7946   -0.0283342     0.663435     0.649669     0.674061
        164       1   -0.0193441     0.784213   -0.0283342     0.660244     0.649669     0.670577
        165       1   -0.0245376     0.773826   -0.0283342     0.655871     0.646184     0.663607
        166       1  -0.00895721     0.763439   -0.0283342     0.652894       0.6427     0.660123
        167       1   0.00142971     0.753052   -0.0283342     0.650423       0.6427     0.656638
        168       1   0.00142971     0.742665   -0.0283342     0.647774     0.639215     0.656638
        169       1  -0.00895721     0.732278   -0.0283342     0.645384     0.632246     0.653153
        170       1   -0.0193441     0.721891   -0.0283342     0.642895     0.628761     0.653153
        171       1   -0.0245376     0.711504   -0.0283342     0.640853     0.628761     0.649669
        172       1   -0.0245376     0.701118   -0.0283342     0.638725     0.621792     0.649669
        173       1   -0.0193441     0.690731   -0.0283342     0.635886     0.618307     0.646184
        174       1   0.00142971     0.680344   -0.0283342     0.632954     0.614822       0.6427
        175       1   0.00142971     0.669957   -0.0283342     0.630541     0.611338       0.6427
        176       1   0.00142971      0.65957   -0.0283342     0.628577     0.611338       0.6427
        177       1   0.00142971     0.649183   -0.0283342     0.626135     0.607853     0.639215
        178       1  -0.00895721     0.638796   -0.0283342     0.622777     0.604368     0.639215
        179       1   -0.0193441     0.628409   -0.0283342     0.620133     0.600884      0.63573
        180       1   -0.0193441     0.618022   -0.0283342     0.618232     0.600884      0.63573
        181       1   -0.0245376     0.607635   -0.0283342     0.616871     0.600884      0.63573
        182       1   -0.0245376     0.597248   -0.0283342     0.614961     0.597399     0.632246
        183       1   -0.0193441     0.586861   -0.0283342      0.61128     0.593915     0.632246
        184       1  -0.00895721     0.576474   -0.0283342     0.609299      0.59043     0.628761
        185       1   0.00142971     0.566088   -0.0283342     0.607652      0.59043     0.628761
        186       1   0.00142971     0.555701   -0.0283342     0.606246      0.59043     0.625276
        187       1   0.00142971     0.545314   -0.0283342     0.604749      0.59043     0.621792
        188       1   0.00142971     0.534927   -0.0283342      0.60324      0.59043     0.621792
        189       1   0.00142971      0.52454   -0.0283342     0.601391     0.586945     0.618307
        190       1  -0.00895721     0.514153   -0.0283342     0.599496     0.586945     0.614822
        191       1    -0.040118     0.503766   -0.0283342     0.596783     0.586945     0.611338
        192       1   -0.0505049     0.493379   -0.0283342     0.593304     0.583461     0.604368
        193       1   -0.0505049     0.482992   -0.0283342     0.589595     0.579976     0.600884
        194       1   -0.0505049     0.472605   -0.0283342     0.585885     0.579976     0.593915
        195       1   -0.0505049     0.462218   -0.0283342     0.582389     0.576491     0.593915
        196       1    -0.040118     0.451831   -0.0283342      0.57944     0.576491     0.586945
        197       1   -0.0193441     0.441444   -0.0283342     0.576526     0.573007     0.583461
        198       1  -0.00895721     0.431057   -0.0283342     0.573594     0.569522     0.579976
        199       1   0.00142971     0.420671   -0.0283342     0.570732     0.566037     0.576491
        200       1   0.00142971     0.410284   -0.0283342     0.567662     0.562553     0.573007
        201       1   0.00142971     0.399897   -0.0283342     0.564713     0.559068     0.573007
        202       1   0.00142971      0.38951   -0.0283342     0.561522     0.555583     0.573007
        203       1  -0.00895721     0.379123   -0.0283342     0.558014     0.552099     0.569522
        204       1   -0.0297311     0.368736   -0.0283342     0.554276      0.54513     0.562553
        205       1    -0.040118     0.358349   -0.0283342     0.550503     0.541645     0.559068
        206       1   -0.0505049     0.347962   -0.0283342     0.546932      0.53816     0.555583
        207       1   -0.0505049     0.337575   -0.0283342     0.543678     0.534676     0.555583
        208       1   -0.0505049     0.327188   -0.0283342       0.5407     0.531191     0.552099
        209       1   -0.0505049     0.316801   -0.0283342     0.537498     0.527706     0.548614
        210       1   -0.0505049     0.306414   -0.0283342     0.534002     0.524222     0.548614
        211       1   -0.0297311     0.296027   -0.0283342     0.530241     0.520737      0.54513
        212       1   -0.0141507     0.285641   -0.0283342     0.526627     0.513768     0.541645
        213       1   0.00142971     0.275254   -0.0283342      0.52326     0.510283      0.53816
        214       1   0.00142971     0.264867   -0.0283342     0.520415     0.506798     0.534676
        215       1   0.00142971      0.25448   -0.0283342     0.517984     0.506798     0.534676
        216       1   0.00142971     0.244093   -0.0283342     0.515784     0.503314     0.531191
        217       1   0.00142971     0.233706   -0.0283342     0.513284     0.499829     0.527706
        218       1  -0.00376375     0.223319   -0.0283342     0.510468     0.496345     0.524222
        219       1   -0.0193441     0.212932   -0.0283342     0.507518      0.49286     0.524222
        220       1    -0.040118     0.202545   -0.0283342     0.504823     0.489375     0.520737
        221       1   -0.0505049     0.192158   -0.0283342     0.502208     0.485891     0.517252
        222       1   -0.0505049     0.181771   -0.0283342       0.5001     0.485891     0.517252
        223       1   -0.0505049     0.171384   -0.0283342     0.498349     0.485891     0.513768
        224       1   -0.0505049     0.160997   -0.0283342     0.496494     0.482406     0.510283
        225       1   -0.0505049     0.150611   -0.0283342     0.494697     0.478921     0.510283
        226       1   -0.0505049     0.140224   -0.0283342      0.49237     0.478921     0.506798
        227       1   -0.0297311     0.129837   -0.0283342     0.490061     0.475437     0.506798
        228       1  -0.00895721      0.11945   -0.0283342     0.487895     0.471952     0.503314
        229       1   0.00142971     0.109063   -0.0283342     0.485971     0.468467     0.499829
        230       1   0.00142971    0.0986759   -0.0283342     0.484479     0.468467     0.499829
        231       1   0.00142971     0.088289   -0.0283342     0.483374     0.468467     0.496345
        232       1   0.00142971    0.0779021   -0.0283342     0.482475     0.468467     0.496345
        233       1   0.00142971    0.0675152   -0.0283342     0.481507     0.468467      0.49286
        234       1   0.00142971    0.0571282   -0.0283342     0.480672     0.468467      0.49286
        235       1   -0.0193441    0.0467413   -0.0283342     0.479854     0.468467      0.49286
        236       1   -0.0349245    0.0363544   -0.0283342     0.478979     0.464983      0.49286
        237       1   -0.0505049    0.0259675   -0.0283342     0.478443     0.464983     0.489375
        238       1   -0.0505049    0.0155805   -0.0283342     0.477954     0.464983     0.489375
        239       1   -0.0505049   0.00519362   -0.0283342     0.477349     0.464983     0.489375
        240       1   -0.0505049   -0.0051933   -0.0283342     0.476871     0.464983     0.489375
        241       1   -0.0505049   -0.0155802   -0.0283342     0.476404     0.464983     0.485891
        242       1   -0.0505049   -0.0259672   -0.0283342     0.475811     0.464983     0.485891
        243       1   -0.0349245   -0.0363541   -0.0283342     0.474848     0.461498     0.485891
        244       1   -0.0193441    -0.046741   -0.0283342     0.473812     0.461498     0.485891
        245       1   0.00142971   -0.0571279   -0.0283342     0.472822     0.461498     0.485891
        246       1   0.00142971   -0.0675148   -0.0283342     0.471791     0.458013     0.482406
        247       1   0.00142971   -0.0779018   -0.0283342     0.470731     0.458013     0.482406
        248       1   0.00142971   -0.0882887   -0.0283342     0.469925     0.458013     0.482406
        249       1   0.00142971   -0.0986756   -0.0283342     0.468819     0.458013     0.478921
        250       1   0.00142971    -0.109063   -0.0283342     0.467598     0.454529     0.478921
        251       1  -0.00895721    -0.119449   -0.0283342     0.465852     0.454529     0.478921
        252       1   -0.0297311    -0.129836   -0.0283342     0.464171     0.451044     0.475437
        253       1   -0.0505049    -0.140223   -0.0283342     0.462166     0.451044     0.471952
        254       1   -0.0505049     -0.15061   -0.0283342      0.46026      0.44756     0.471952
        255       1   -0.0505049    -0.160997   -0.0283342     0.458768      0.44756     0.468467
        256       1   -0.0505049    -0.171384   -0.0283342     0.457201     0.444075     0.468467
        257       1   -0.0505049    -0.181771   -0.0283342     0.455784     0.444075     0.464983
        258       1   -0.0505049    -0.192158   -0.0283342     0.453861      0.44059     0.464983
        259       1    -0.040118    -0.202545   -0.0283342     0.451649      0.44059     0.461498
        260       1   -0.0193441    -0.212932   -0.0283342     0.449138     0.437106     0.458013
        261       1  -0.00376375    -0.223319   -0.0283342     0.446931     0.433621     0.454529
        262       1   0.00142971    -0.233706   -0.0283342     0.444524     0.433621     0.454529
        263       1   0.00142971    -0.244093   -0.0283342     0.442906     0.433621     0.451044
        264       1   0.00142971    -0.254479   -0.0283342     0.440919     0.430136      0.44756
        265       1   0.00142971    -0.264866   -0.0283342     0.439392     0.430136      0.44756
        266       1   0.00142971    -0.275253   -0.0283342     0.437175     0.426652     0.444075
        267       1   -0.0141507     -0.28564   -0.0283342     0.435052     0.426652      0.44059
        268       1   -0.0297311    -0.296027   -0.0283342     0.432665     0.423167      0.44059
        269       1   -0.0505049    -0.306414   -0.0283342     0.430545     0.423167     0.437106
        270       1   -0.0505049    -0.316801   -0.0283342     0.428495     0.423167     0.433621
        271       1   -0.0505049    -0.327188   -0.0283342     0.426657     0.419682     0.430136
        272       1   -0.0505049    -0.337575   -0.0283342     0.424918     0.419682     0.430136
        273       1   -0.0505049    -0.347962   -0.0283342     0.423317     0.419682     0.426652
        274       1    -0.040118    -0.358349   -0.0283342     0.421318     0.416198     0.426652
        275       1   -0.0297311    -0.368736   -0.0283342     0.419366     0.412713     0.426652
        276       1  -0.00895721    -0.379123   -0.0283342     0.417275     0.412713     0.423167
        277       1   0.00142971    -0.389509   -0.0283342      0.41523     0.409228     0.419682
        278       1   0.00142971    -0.399896   -0.0283342     0.413053     0.409228     0.419682
        279       1   0.00142971    -0.410283   -0.0283342     0.411365     0.405744     0.419682
        280       1   0.00142971     -0.42067   -0.0283342     0.409142     0.405744     0.416198
        281       1  -0.00895721    -0.431057   -0.0283342     0.407155     0.402259     0.412713
        282       1   -0.0193441    -0.441444   -0.0283342     0.404747     0.398775     0.412713
        283       1    -0.040118    -0.451831   -0.0283342      0.40204      0.39529     0.409228
        284       1   -0.0505049    -0.462218   -0.0283342     0.399091     0.391805     0.405744
        285       1   -0.0505049    -0.472605   -0.0283342     0.395549     0.391805     0.402259
        286       1   -0.0505049    -0.482992   -0.0283342     0.391627     0.384836     0.398775
        287       1   -0.0505049    -0.493379   -0.0283342     0.387773     0.381351      0.39529
        288       1    -0.040118    -0.503766   -0.0283342     0.383903     0.374382      0.39529
        289       1  -0.00895721    -0.514153   -0.0283342     0.380868     0.370897     0.391805
        290       1   0.00142971    -0.524539   -0.0283342     0.378368     0.367413     0.391805
        291       1   0.00142971    -0.534926   -0.0283342     0.376214     0.363928     0.388321
        292       1   0.00142971    -0.545313   -0.0283342     0.374215     0.363928     0.384836
        293       1   0.00142971      -0.5557   -0.0283342     0.372395     0.360443     0.384836
        294       1   0.00142971    -0.566087   -0.0283342     0.370281     0.356959     0.381351
        295       1  -0.00895721    -0.576474   -0.0283342     0.368225     0.356959     0.381351
        296       1   -0.0193441    -0.586861   -0.0283342     0.365627     0.353474     0.377867
        297       1   -0.0245376    -0.597248   -0.0283342      0.36124      0.34999     0.374382
        298       1   -0.0245376    -0.607635   -0.0283342     0.359434      0.34999     0.370897
        299       1   -0.0193441    -0.618022   -0.0283342     0.358261     0.346505     0.370897
        300       1   -0.0193441    -0.628409   -0.0283342     0.356492     0.346505     0.370897
        301       1  -0.00895721    -0.638796   -0.0283342     0.354148      0.34302     0.367413
        302       1   0.00142971    -0.649183   -0.0283342      0.35113      0.34302     0.363928
        303       1   0.00142971    -0.659569   -0.0283342     0.349103     0.339536     0.360443
        304       1   0.00142971    -0.669956   -0.0283342       0.3473     0.339536     0.356959
        305       1   0.00142971    -0.680343   -0.0283342     0.345399     0.336051     0.356959
        306       1   -0.0193441     -0.69073   -0.0283342     0.342629     0.332566     0.353474
        307       1   -0.0245376    -0.701117   -0.0283342      0.33998     0.332566      0.34999
        308       1   -0.0245376    -0.711504   -0.0283342     0.337995     0.329082     0.346505
        309       1   -0.0193441    -0.721891   -0.0283342     0.336166     0.329082     0.346505
        310       1  -0.00895721    -0.732278   -0.0283342     0.334058     0.325597     0.346505
        311       1   0.00142971    -0.742665   -0.0283342     0.331818     0.322112      0.34302
        312       1   0.00142971    -0.753052   -0.0283342     0.329923     0.322112     0.339536
        313       1  -0.00895721    -0.763439   -0.0283342      0.32808     0.318628     0.339536
        314       1   -0.0245376    -0.773826   -0.0283342     0.325874     0.315143     0.336051
        315       1   -0.0193441    -0.784213   -0.0283342     0.322084     0.311658     0.332566
        316       1  -0.00895721      -0.7946   -0.0283342     0.318985     0.308174     0.329082
        317       1  -0.00895721    -0.804986   -0.0283342     0.316324     0.304689     0.329082
        318       1  -0.00895721    -0.815373   -0.0283342     0.313991     0.301205     0.325597
        319       1   0.00142971     -0.82576   -0.0283342     0.311347      0.29772     0.325597
        320       1   0.00142971    -0.836147   -0.0283342     0.306262      0.29772     0.322112
        321       1  -0.00376375    -0.846534   -0.0283342     0.303408     0.294235     0.318628
        322       1  -0.00895721    -0.856921   -0.0283342     0.299073     0.287266     0.311658
        323       1  -0.00895721    -0.867308   -0.0283342     0.295825     0.283781     0.308174
        324       1  -0.00376375    -0.877695   -0.0283342     0.291737     0.283781     0.301205
        325       1   0.00142971    -0.888082   -0.0283342      0.28745     0.276812      0.29772
        326       1  -0.00895721    -0.898469   -0.0283342     0.283096     0.273327     0.294235
        327       1  -0.00895721    -0.908856   -0.0283342     0.278033     0.266358     0.294235
        328       1   0.00142971    -0.919243   -0.0283342       0.2724     0.259389     0.290751
        329       1  -0.00895721     -0.92963   -0.0283342     0.263017     0.248935     0.287266
        330       1  -0.00895721    -0.940016   -0.0283342     0.255466     0.241966     0.280297
        331       1   0.00142971    -0.950403   -0.0283342     0.237473     0.224542     0.259389
        332       1  -0.00895721     -0.96079   -0.0283342      0.21266      0.20015     0.231512
        333       1   0.00142971    -0.971177   -0.0283342     0.178891     0.165304     0.196665
        334       1  -0.00376375    -0.981564   -0.0283342     0.128409     0.116519     0.140911
        335       1   0.00142971    -0.991951   -0.0283342    0.0627686    0.0537949    0.0712181
